13,2
13,1
12,8
12,7
12,6
12,5
12,4
12,3
12,2
12,1
11,5
11,4
11,3
11,2
11,1
10,4
10,3
10,2
10,1
9,5
9,4
9,3
9,2
9,1
8,5
8,4
8,3
8,2
8,1
7,5
7,4
7,3
7,2
7,1
6,13
6,12
6,11
6,10
6,9
6,8
6,7
6,6
6,5
6,4
6,3
6,2
6,1
5,6
5,5
5,4
5,3
5,2
5,1
4,3
4,2
4,1
3,6
3,5
3,4
3,3
3,2
3,1
2,5
2,4
2,3
2,2
2,1
1,3
1,2
1,1
0,446
0,445
0,443
0,441
0,436
0,435
0,432
0,430
0,429
0,427
0,426
0,415
0,413
0,412
0,408
0,404
0,383
0,380
0,354
0,322
0,243
14,4
14,1
14,74
14,107
14,3
0,9
0,310
0,305
5,0
6,0
8,0
7,0
9,0
10,0
16,0
15,0
14,0
13,0
18,0
17,0
12,0
11,0
3,0
1,0
2,0
4,0
0,308
0,304
0,303
0,302
0,307
0,12
0,10
0,8
0,0
0,384
0,300
0,301
0,299
0,392
0,298
0,349
0,297
0,388
0,296
0,424
0,295
0,421
0,294
0,346
0,293
0,387
0,292
0,291
0,348
0,290
0,335
0,289
0,333
0,288
0,287
0,382
0,286
0,439
0,285
0,438
0,284
0,331
0,283
0,366
0,282
0,339
0,281
0,420
0,280
0,279
0,411
0,278
0,337
0,277
0,317
0,276
13,3
13,4
14,5
14,6
14,8
14,9
14,11
14,13
14,14
14,16
14,17
14,19
14,21
14,22
14,24
14,25
14,27
14,28
14,30
14,32
14,33
14,35
14,36
14,65
14,67
14,68
14,70
14,71
14,73
14,75
14,77
14,79
14,80
14,82
14,83
14,85
14,87
14,88
14,90
14,91
14,93
14,94
14,96
14,98
14,99
14,101
14,102
14,104
14,106
15,1
15,3
15,4
15,6
15,8
15,9
15,11
15,12
16,1
16,2
16,4
16,6
16,7
16,9
16,10
16,12
16,14
16,15
16,17
16,18
16,20
16,21
16,23
16,25
16,26
16,28
16,29
16,31
16,33
16,34
16,36
16,37
16,39
16,40
16,42
16,65
16,66
16,68
16,69
16,71
16,73
16,74
16,76
16,77
16,79
16,81
16,82
16,84
16,85
16,87
16,88
16,90
16,92
16,93
16,95
16,96
16,98
16,100
16,101
16,103
16,104
16,106
16,107
16,109
16,111
16,112
16,114
16,115
16,117
16,119
16,120
16,122
16,123
16,125
16,126
16,128
16,130
16,131
16,133
16,134
16,136
16,138
16,139
16,141
16,142
16,144
16,145
16,147
16,149
16,150
16,232
16,234
16,262
16,283
16,284
16,286
16,287
17,2
18,1
18,2
18,3
17,3
17,1
16,285
16,282
16,247
16,151
16,148
16,146
16,143
16,140
16,137
16,135
16,132
16,129
16,127
16,124
16,121
16,118
16,116
16,113
16,110
16,108
16,105
16,102
16,99
16,97
16,94
16,91
16,89
16,86
16,83
16,80
16,78
16,75
16,72
16,70
16,67
16,64
16,41
16,38
16,35
16,32
16,30
16,27
16,24
16,22
16,19
16,16
16,13
16,11
16,8
16,5
16,3
15,13
15,10
15,7
15,5
15,2
14,105
14,103
14,100
14,97
14,95
14,92
14,89
14,86
14,84
14,81
14,78
14,76
14,72
14,69
14,66
14,64
14,34
14,31
14,29
14,26
14,23
14,20
14,18
14,15
14,12
14,10
14,7
14,2
0,407
0,275
0,386
0,274
0,327
0,273
0,381
0,272
0,379
0,271
0,319
0,270
0,318
0,269
0,377
0,268
0,345
0,267
0,371
0,266
0,338
0,265
0,419
0,264
0,328
0,263
0,314
0,262
0,261
0,401
0,260
0,418
0,259
0,368
0,258
0,323
0,257
0,364
0,256
0,396
0,255
0,363
0,254
0,406
0,253
0,324
0,252
0,395
0,251
0,394
0,250
0,385
0,249
0,390
0,248
0,437
0,247
0,374
0,246
0,417
0,245
0,416
0,244
0,342
0,242
0,341
0,241
0,311
0,240
0,414
0,239
0,238
0,330
0,237
0,409
0,236
0,361
0,235
0,336
0,234
0,378
0,233
0,316
0,232
0,231
0,400
0,230
0,410
0,229
0,370
0,228
0,365
0,227
0,329
0,226
0,326
0,225
0,334
0,224
0,321
0,223
0,376
0,222
0,359
0,221
0,369
0,220
0,332
0,219
0,315
0,218
0,367
0,217
0,434
0,216
0,433
0,215
0,431
0,214
0,313
0,213
0,358
0,212
0,362
0,211
0,428
0,210
0,312
0,209
0,325
0,208
0,399
0,207
0,423
0,206
0,347
0,205
0,344
0,204
0,389
0,203
0,391
0,202
0,442
0,201
0,375
0,200
0,199
0,198
0,422
0,197
0,373
0,196
0,306
0,195
0,402
0,194
0,447
0,193
0,320
0,192
0,309
0,63
0,353
0,62
0,357
0,61
0,372
0,60
0,356
0,59
0,393
0,58
0,355
0,57
0,405
0,56
0,343
0,55
0,398
0,54
0,360
0,53
0,350
0,52
0,444
0,51
0,340
0,50
0,397
0,49
0,352
0,48
0,351
0,47
0,440
0,46
0,403
0,45
0,425
0,6
0,5
0,1
0,11
0,4
0,2
0,3
0,7
